Datetime,Close,High,Low,Open,Volume
2025-12-26 09:15:00+05:30,9.287500381469727,9.395000457763672,9.020000457763672,9.1899995803833,0
2025-12-26 09:16:00+05:30,9.3100004196167,9.350000381469727,9.287500381469727,9.287500381469727,0
2025-12-26 09:17:00+05:30,9.34749984741211,9.352499961853027,9.279999732971191,9.337499618530273,0
2025-12-26 09:18:00+05:30,9.3149995803833,9.34749984741211,9.287500381469727,9.332500457763672,0
2025-12-26 09:19:00+05:30,9.317500114440918,9.329999923706055,9.287500381469727,9.3149995803833,0
2025-12-26 09:20:00+05:30,9.305000305175781,9.337499618530273,9.289999961853027,9.305000305175781,0
2025-12-26 09:21:00+05:30,9.3100004196167,9.3100004196167,9.27750015258789,9.307499885559082,0
2025-12-26 09:22:00+05:30,9.282500267028809,9.322500228881836,9.265000343322754,9.3100004196167,0
2025-12-26 09:23:00+05:30,9.267499923706055,9.307499885559082,9.267499923706055,9.282500267028809,0
2025-12-26 09:24:00+05:30,9.265000343322754,9.282500267028809,9.237500190734863,9.267499923706055,0
2025-12-26 09:25:00+05:30,9.2524995803833,9.267499923706055,9.217499732971191,9.234999656677246,0
2025-12-26 09:26:00+05:30,9.265000343322754,9.267499923706055,9.22249984741211,9.239999771118164,0
2025-12-26 09:27:00+05:30,9.225000381469727,9.255000114440918,9.210000038146973,9.237500190734863,0
2025-12-26 09:28:00+05:30,9.199999809265137,9.242500305175781,9.197500228881836,9.225000381469727,0
2025-12-26 09:29:00+05:30,9.229999542236328,9.232500076293945,9.1875,9.199999809265137,0
2025-12-26 09:30:00+05:30,9.204999923706055,9.232500076293945,9.1875,9.217499732971191,0
2025-12-26 09:31:00+05:30,9.22249984741211,9.22249984741211,9.204999923706055,9.207500457763672,0
2025-12-26 09:32:00+05:30,9.22249984741211,9.260000228881836,9.22249984741211,9.22249984741211,0
2025-12-26 09:33:00+05:30,9.237500190734863,9.244999885559082,9.21500015258789,9.220000267028809,0
2025-12-26 09:34:00+05:30,9.217499732971191,9.239999771118164,9.21500015258789,9.239999771118164,0
2025-12-26 09:35:00+05:30,9.194999694824219,9.229999542236328,9.177499771118164,9.21500015258789,0
2025-12-26 09:36:00+05:30,9.1875,9.22249984741211,9.172499656677246,9.204999923706055,0
2025-12-26 09:37:00+05:30,9.180000305175781,9.202500343322754,9.164999961853027,9.1875,0
2025-12-26 09:38:00+05:30,9.1850004196167,9.1850004196167,9.164999961853027,9.164999961853027,0
2025-12-26 09:39:00+05:30,9.172499656677246,9.175000190734863,9.167499542236328,9.170000076293945,0
2025-12-26 09:40:00+05:30,9.170000076293945,9.177499771118164,9.154999732971191,9.157500267028809,0
2025-12-26 09:41:00+05:30,9.170000076293945,9.175000190734863,9.15250015258789,9.170000076293945,0
2025-12-26 09:42:00+05:30,9.182499885559082,9.1850004196167,9.154999732971191,9.154999732971191,0
2025-12-26 09:43:00+05:30,9.172499656677246,9.197500228881836,9.170000076293945,9.182499885559082,0
2025-12-26 09:44:00+05:30,9.167499542236328,9.199999809265137,9.167499542236328,9.172499656677246,0
2025-12-26 09:45:00+05:30,9.167499542236328,9.180000305175781,9.164999961853027,9.164999961853027,0
2025-12-26 09:46:00+05:30,9.199999809265137,9.199999809265137,9.167499542236328,9.167499542236328,0
2025-12-26 09:47:00+05:30,9.202500343322754,9.204999923706055,9.1850004196167,9.199999809265137,0
2025-12-26 09:48:00+05:30,9.1850004196167,9.202500343322754,9.175000190734863,9.202500343322754,0
2025-12-26 09:49:00+05:30,9.154999732971191,9.1875,9.154999732971191,9.1850004196167,0
2025-12-26 09:50:00+05:30,9.1875,9.1875,9.154999732971191,9.154999732971191,0
2025-12-26 09:51:00+05:30,9.207500457763672,9.217499732971191,9.1850004196167,9.1875,0
2025-12-26 09:52:00+05:30,9.210000038146973,9.22249984741211,9.192500114440918,9.207500457763672,0
2025-12-26 09:53:00+05:30,9.210000038146973,9.237500190734863,9.207500457763672,9.210000038146973,0
2025-12-26 09:54:00+05:30,9.192500114440918,9.210000038146973,9.192500114440918,9.210000038146973,0
2025-12-26 09:55:00+05:30,9.192500114440918,9.210000038146973,9.192500114440918,9.192500114440918,0
2025-12-26 09:56:00+05:30,9.194999694824219,9.207500457763672,9.162500381469727,9.192500114440918,0
2025-12-26 09:57:00+05:30,9.164999961853027,9.194999694824219,9.149999618530273,9.194999694824219,0
2025-12-26 09:58:00+05:30,9.137499809265137,9.164999961853027,9.137499809265137,9.164999961853027,0
2025-12-26 09:59:00+05:30,9.135000228881836,9.15250015258789,9.1225004196167,9.137499809265137,0
2025-12-26 10:00:00+05:30,9.142499923706055,9.154999732971191,9.1225004196167,9.135000228881836,0
2025-12-26 10:01:00+05:30,9.142499923706055,9.157500267028809,9.1274995803833,9.142499923706055,0
2025-12-26 10:02:00+05:30,9.140000343322754,9.154999732971191,9.140000343322754,9.142499923706055,0
2025-12-26 10:03:00+05:30,9.140000343322754,9.170000076293945,9.140000343322754,9.142499923706055,0
2025-12-26 10:04:00+05:30,9.125,9.172499656677246,9.125,9.140000343322754,0
2025-12-26 10:05:00+05:30,9.140000343322754,9.157500267028809,9.125,9.125,0
2025-12-26 10:06:00+05:30,9.125,9.140000343322754,9.119999885559082,9.137499809265137,0
2025-12-26 10:07:00+05:30,9.145000457763672,9.145000457763672,9.1225004196167,9.1225004196167,0
2025-12-26 10:08:00+05:30,9.140000343322754,9.170000076293945,9.1225004196167,9.145000457763672,0
2025-12-26 10:09:00+05:30,9.15999984741211,9.15999984741211,9.125,9.125,0
2025-12-26 10:10:00+05:30,9.175000190734863,9.175000190734863,9.157500267028809,9.15999984741211,0
2025-12-26 10:11:00+05:30,9.157500267028809,9.175000190734863,9.157500267028809,9.175000190734863,0
2025-12-26 10:12:00+05:30,9.15999984741211,9.1875,9.157500267028809,9.157500267028809,0
2025-12-26 10:13:00+05:30,9.15999984741211,9.1899995803833,9.157500267028809,9.172499656677246,0
2025-12-26 10:14:00+05:30,9.164999961853027,9.210000038146973,9.15999984741211,9.15999984741211,0
2025-12-26 10:15:00+05:30,9.194999694824219,9.197500228881836,9.164999961853027,9.164999961853027,0
2025-12-26 10:16:00+05:30,9.177499771118164,9.197500228881836,9.15999984741211,9.194999694824219,0
2025-12-26 10:17:00+05:30,9.175000190734863,9.180000305175781,9.172499656677246,9.177499771118164,0
2025-12-26 10:18:00+05:30,9.175000190734863,9.180000305175781,9.162500381469727,9.175000190734863,0
2025-12-26 10:19:00+05:30,9.167499542236328,9.180000305175781,9.162500381469727,9.175000190734863,0
2025-12-26 10:20:00+05:30,9.180000305175781,9.182499885559082,9.164999961853027,9.167499542236328,0
2025-12-26 10:21:00+05:30,9.182499885559082,9.182499885559082,9.164999961853027,9.180000305175781,0
2025-12-26 10:22:00+05:30,9.162500381469727,9.1850004196167,9.162500381469727,9.182499885559082,0
2025-12-26 10:23:00+05:30,9.164999961853027,9.177499771118164,9.149999618530273,9.162500381469727,0
2025-12-26 10:24:00+05:30,9.164999961853027,9.164999961853027,9.149999618530273,9.164999961853027,0
2025-12-26 10:25:00+05:30,9.167499542236328,9.182499885559082,9.15250015258789,9.164999961853027,0
2025-12-26 10:26:00+05:30,9.149999618530273,9.167499542236328,9.149999618530273,9.167499542236328,0
2025-12-26 10:27:00+05:30,9.164999961853027,9.164999961853027,9.149999618530273,9.149999618530273,0
2025-12-26 10:28:00+05:30,9.167499542236328,9.182499885559082,9.149999618530273,9.164999961853027,0
2025-12-26 10:29:00+05:30,9.147500038146973,9.177499771118164,9.135000228881836,9.167499542236328,0
2025-12-26 10:30:00+05:30,9.137499809265137,9.164999961853027,9.132499694824219,9.162500381469727,0
2025-12-26 10:31:00+05:30,9.132499694824219,9.15250015258789,9.132499694824219,9.137499809265137,0
2025-12-26 10:32:00+05:30,9.15250015258789,9.15250015258789,9.1225004196167,9.132499694824219,0
2025-12-26 10:33:00+05:30,9.164999961853027,9.164999961853027,9.135000228881836,9.15250015258789,0
2025-12-26 10:34:00+05:30,9.15250015258789,9.167499542236328,9.15250015258789,9.15250015258789,0
2025-12-26 10:35:00+05:30,9.154999732971191,9.154999732971191,9.137499809265137,9.15250015258789,0
2025-12-26 10:36:00+05:30,9.15250015258789,9.157500267028809,9.140000343322754,9.154999732971191,0
2025-12-26 10:37:00+05:30,9.154999732971191,9.154999732971191,9.140000343322754,9.15250015258789,0
2025-12-26 10:38:00+05:30,9.137499809265137,9.154999732971191,9.137499809265137,9.154999732971191,0
2025-12-26 10:39:00+05:30,9.125,9.154999732971191,9.125,9.137499809265137,0
2025-12-26 10:40:00+05:30,9.125,9.154999732971191,9.125,9.125,0
2025-12-26 10:41:00+05:30,9.125,9.154999732971191,9.125,9.140000343322754,0
2025-12-26 10:42:00+05:30,9.140000343322754,9.140000343322754,9.125,9.125,0
2025-12-26 10:43:00+05:30,9.170000076293945,9.170000076293945,9.1225004196167,9.140000343322754,0
2025-12-26 10:44:00+05:30,9.170000076293945,9.170000076293945,9.140000343322754,9.170000076293945,0
2025-12-26 10:45:00+05:30,9.157500267028809,9.172499656677246,9.142499923706055,9.170000076293945,0
2025-12-26 10:46:00+05:30,9.157500267028809,9.172499656677246,9.157500267028809,9.157500267028809,0
2025-12-26 10:47:00+05:30,9.157500267028809,9.15999984741211,9.154999732971191,9.15999984741211,0
2025-12-26 10:48:00+05:30,9.157500267028809,9.157500267028809,9.140000343322754,9.157500267028809,0
2025-12-26 10:49:00+05:30,9.157500267028809,9.172499656677246,9.154999732971191,9.157500267028809,0
2025-12-26 10:50:00+05:30,9.145000457763672,9.15999984741211,9.142499923706055,9.157500267028809,0
2025-12-26 10:51:00+05:30,9.157500267028809,9.175000190734863,9.142499923706055,9.145000457763672,0
2025-12-26 10:52:00+05:30,9.145000457763672,9.157500267028809,9.1274995803833,9.157500267028809,0
2025-12-26 10:53:00+05:30,9.1274995803833,9.145000457763672,9.1274995803833,9.145000457763672,0
2025-12-26 10:54:00+05:30,9.142499923706055,9.145000457763672,9.1274995803833,9.1274995803833,0
2025-12-26 10:55:00+05:30,9.145000457763672,9.15999984741211,9.142499923706055,9.142499923706055,0
2025-12-26 10:56:00+05:30,9.157500267028809,9.172499656677246,9.142499923706055,9.145000457763672,0
2025-12-26 10:57:00+05:30,9.157500267028809,9.172499656677246,9.157500267028809,9.157500267028809,0
2025-12-26 10:58:00+05:30,9.140000343322754,9.172499656677246,9.140000343322754,9.157500267028809,0
2025-12-26 10:59:00+05:30,9.132499694824219,9.154999732971191,9.1274995803833,9.140000343322754,0
2025-12-26 11:00:00+05:30,9.145000457763672,9.147500038146973,9.130000114440918,9.132499694824219,0
2025-12-26 11:01:00+05:30,9.157500267028809,9.15999984741211,9.142499923706055,9.145000457763672,0
2025-12-26 11:02:00+05:30,9.147500038146973,9.157500267028809,9.130000114440918,9.157500267028809,0
2025-12-26 11:03:00+05:30,9.130000114440918,9.147500038146973,9.130000114440918,9.147500038146973,0
2025-12-26 11:04:00+05:30,9.145000457763672,9.147500038146973,9.130000114440918,9.130000114440918,0
2025-12-26 11:05:00+05:30,9.162500381469727,9.162500381469727,9.145000457763672,9.145000457763672,0
2025-12-26 11:06:00+05:30,9.132499694824219,9.162500381469727,9.132499694824219,9.162500381469727,0
2025-12-26 11:07:00+05:30,9.130000114440918,9.147500038146973,9.130000114440918,9.145000457763672,0
2025-12-26 11:08:00+05:30,9.149999618530273,9.149999618530273,9.130000114440918,9.130000114440918,0
2025-12-26 11:09:00+05:30,9.164999961853027,9.164999961853027,9.132499694824219,9.135000228881836,0
2025-12-26 11:10:00+05:30,9.164999961853027,9.180000305175781,9.162500381469727,9.162500381469727,0
2025-12-26 11:11:00+05:30,9.162500381469727,9.180000305175781,9.162500381469727,9.164999961853027,0
2025-12-26 11:12:00+05:30,9.130000114440918,9.162500381469727,9.130000114440918,9.162500381469727,0
2025-12-26 11:13:00+05:30,9.140000343322754,9.140000343322754,9.130000114440918,9.130000114440918,0
2025-12-26 11:14:00+05:30,9.149999618530273,9.154999732971191,9.135000228881836,9.140000343322754,0
2025-12-26 11:15:00+05:30,9.137499809265137,9.154999732971191,9.137499809265137,9.149999618530273,0
2025-12-26 11:16:00+05:30,9.125,9.140000343322754,9.112500190734863,9.137499809265137,0
2025-12-26 11:17:00+05:30,9.125,9.140000343322754,9.1225004196167,9.1225004196167,0
2025-12-26 11:18:00+05:30,9.140000343322754,9.140000343322754,9.117500305175781,9.125,0
2025-12-26 11:19:00+05:30,9.140000343322754,9.140000343322754,9.132499694824219,9.140000343322754,0
2025-12-26 11:20:00+05:30,9.140000343322754,9.157500267028809,9.135000228881836,9.140000343322754,0
2025-12-26 11:21:00+05:30,9.137499809265137,9.140000343322754,9.132499694824219,9.137499809265137,0
2025-12-26 11:22:00+05:30,9.140000343322754,9.140000343322754,9.132499694824219,9.132499694824219,0
2025-12-26 11:23:00+05:30,9.145000457763672,9.145000457763672,9.1274995803833,9.140000343322754,0
2025-12-26 11:24:00+05:30,9.125,9.142499923706055,9.1225004196167,9.130000114440918,0
2025-12-26 11:25:00+05:30,9.125,9.1274995803833,9.104999542236328,9.112500190734863,0
2025-12-26 11:26:00+05:30,9.117500305175781,9.137499809265137,9.117500305175781,9.125,0
2025-12-26 11:27:00+05:30,9.1225004196167,9.125,9.119999885559082,9.119999885559082,0
2025-12-26 11:28:00+05:30,9.125,9.140000343322754,9.119999885559082,9.1225004196167,0
2025-12-26 11:29:00+05:30,9.137499809265137,9.140000343322754,9.119999885559082,9.119999885559082,0
2025-12-26 11:30:00+05:30,9.140000343322754,9.140000343322754,9.119999885559082,9.137499809265137,0
2025-12-26 11:31:00+05:30,9.125,9.140000343322754,9.109999656677246,9.125,0
2025-12-26 11:32:00+05:30,9.1274995803833,9.1274995803833,9.109999656677246,9.125,0
2025-12-26 11:33:00+05:30,9.112500190734863,9.130000114440918,9.109999656677246,9.112500190734863,0
2025-12-26 11:34:00+05:30,9.112500190734863,9.1274995803833,9.109999656677246,9.112500190734863,0
2025-12-26 11:35:00+05:30,9.114999771118164,9.1274995803833,9.112500190734863,9.112500190734863,0
2025-12-26 11:36:00+05:30,9.109999656677246,9.114999771118164,9.09749984741211,9.114999771118164,0
2025-12-26 11:37:00+05:30,9.09749984741211,9.109999656677246,9.085000038146973,9.109999656677246,0
2025-12-26 11:38:00+05:30,9.09749984741211,9.100000381469727,9.095000267028809,9.09749984741211,0
2025-12-26 11:39:00+05:30,9.09749984741211,9.100000381469727,9.095000267028809,9.100000381469727,0
2025-12-26 11:40:00+05:30,9.095000267028809,9.09749984741211,9.09000015258789,9.09749984741211,0
2025-12-26 11:41:00+05:30,9.09749984741211,9.114999771118164,9.095000267028809,9.095000267028809,0
2025-12-26 11:42:00+05:30,9.102499961853027,9.114999771118164,9.09749984741211,9.09749984741211,0
2025-12-26 11:43:00+05:30,9.102499961853027,9.114999771118164,9.085000038146973,9.102499961853027,0
2025-12-26 11:44:00+05:30,9.100000381469727,9.117500305175781,9.087499618530273,9.100000381469727,0
2025-12-26 11:45:00+05:30,9.100000381469727,9.102499961853027,9.09749984741211,9.100000381469727,0
2025-12-26 11:46:00+05:30,9.102499961853027,9.117500305175781,9.100000381469727,9.100000381469727,0
2025-12-26 11:47:00+05:30,9.117500305175781,9.119999885559082,9.100000381469727,9.102499961853027,0
2025-12-26 11:48:00+05:30,9.104999542236328,9.117500305175781,9.100000381469727,9.117500305175781,0
2025-12-26 11:49:00+05:30,9.100000381469727,9.117500305175781,9.100000381469727,9.104999542236328,0
2025-12-26 11:50:00+05:30,9.102499961853027,9.102499961853027,9.100000381469727,9.100000381469727,0
2025-12-26 11:51:00+05:30,9.100000381469727,9.114999771118164,9.09749984741211,9.102499961853027,0
2025-12-26 11:52:00+05:30,9.100000381469727,9.100000381469727,9.100000381469727,9.100000381469727,0
2025-12-26 11:53:00+05:30,9.117500305175781,9.117500305175781,9.100000381469727,9.100000381469727,0
2025-12-26 11:54:00+05:30,9.114999771118164,9.117500305175781,9.112500190734863,9.117500305175781,0
2025-12-26 11:55:00+05:30,9.112500190734863,9.130000114440918,9.112500190734863,9.114999771118164,0
2025-12-26 11:56:00+05:30,9.1274995803833,9.142499923706055,9.107500076293945,9.112500190734863,0
2025-12-26 11:57:00+05:30,9.140000343322754,9.154999732971191,9.1225004196167,9.1274995803833,0
2025-12-26 11:58:00+05:30,9.137499809265137,9.164999961853027,9.1225004196167,9.140000343322754,0
2025-12-26 11:59:00+05:30,9.137499809265137,9.140000343322754,9.1225004196167,9.137499809265137,0
2025-12-26 12:00:00+05:30,9.130000114440918,9.15250015258789,9.130000114440918,9.137499809265137,0
2025-12-26 12:01:00+05:30,9.130000114440918,9.145000457763672,9.1274995803833,9.130000114440918,0
2025-12-26 12:02:00+05:30,9.114999771118164,9.132499694824219,9.112500190734863,9.130000114440918,0
2025-12-26 12:03:00+05:30,9.114999771118164,9.130000114440918,9.109999656677246,9.117500305175781,0
2025-12-26 12:04:00+05:30,9.117500305175781,9.117500305175781,9.100000381469727,9.117500305175781,0
2025-12-26 12:05:00+05:30,9.117500305175781,9.1225004196167,9.102499961853027,9.117500305175781,0
2025-12-26 12:06:00+05:30,9.117500305175781,9.119999885559082,9.100000381469727,9.117500305175781,0
2025-12-26 12:07:00+05:30,9.114999771118164,9.119999885559082,9.100000381469727,9.102499961853027,0
2025-12-26 12:08:00+05:30,9.104999542236328,9.119999885559082,9.102499961853027,9.114999771118164,0
2025-12-26 12:09:00+05:30,9.104999542236328,9.119999885559082,9.100000381469727,9.104999542236328,0
2025-12-26 12:10:00+05:30,9.104999542236328,9.119999885559082,9.102499961853027,9.104999542236328,0
2025-12-26 12:11:00+05:30,9.114999771118164,9.117500305175781,9.102499961853027,9.102499961853027,0
2025-12-26 12:12:00+05:30,9.117500305175781,9.119999885559082,9.114999771118164,9.117500305175781,0
2025-12-26 12:13:00+05:30,9.114999771118164,9.119999885559082,9.112500190734863,9.117500305175781,0
2025-12-26 12:14:00+05:30,9.140000343322754,9.142499923706055,9.114999771118164,9.114999771118164,0
2025-12-26 12:15:00+05:30,9.145000457763672,9.147500038146973,9.130000114440918,9.142499923706055,0
2025-12-26 12:16:00+05:30,9.142499923706055,9.147500038146973,9.125,9.145000457763672,0
2025-12-26 12:17:00+05:30,9.114999771118164,9.147500038146973,9.112500190734863,9.142499923706055,0
2025-12-26 12:18:00+05:30,9.145000457763672,9.147500038146973,9.114999771118164,9.114999771118164,0
2025-12-26 12:19:00+05:30,9.130000114440918,9.15999984741211,9.125,9.15999984741211,0
2025-12-26 12:20:00+05:30,9.130000114440918,9.145000457763672,9.109999656677246,9.125,0
2025-12-26 12:21:00+05:30,9.114999771118164,9.145000457763672,9.104999542236328,9.125,0
2025-12-26 12:22:00+05:30,9.109999656677246,9.125,9.087499618530273,9.102499961853027,0
2025-12-26 12:23:00+05:30,9.109999656677246,9.1274995803833,9.09749984741211,9.109999656677246,0
2025-12-26 12:24:00+05:30,9.09749984741211,9.109999656677246,9.092499732971191,9.109999656677246,0
2025-12-26 12:25:00+05:30,9.107500076293945,9.1274995803833,9.107500076293945,9.112500190734863,0
2025-12-26 12:26:00+05:30,9.135000228881836,9.149999618530273,9.095000267028809,9.109999656677246,0
2025-12-26 12:27:00+05:30,9.107500076293945,9.149999618530273,9.104999542236328,9.135000228881836,0
2025-12-26 12:28:00+05:30,9.135000228881836,9.137499809265137,9.104999542236328,9.107500076293945,0
2025-12-26 12:29:00+05:30,9.140000343322754,9.140000343322754,9.109999656677246,9.137499809265137,0
2025-12-26 12:30:00+05:30,9.140000343322754,9.15250015258789,9.1225004196167,9.1225004196167,0
2025-12-26 12:31:00+05:30,9.114999771118164,9.145000457763672,9.114999771118164,9.142499923706055,0
2025-12-26 12:32:00+05:30,9.149999618530273,9.15250015258789,9.114999771118164,9.114999771118164,0
2025-12-26 12:33:00+05:30,9.177499771118164,9.177499771118164,9.135000228881836,9.149999618530273,0
2025-12-26 12:34:00+05:30,9.164999961853027,9.180000305175781,9.15250015258789,9.164999961853027,0
2025-12-26 12:35:00+05:30,9.177499771118164,9.180000305175781,9.149999618530273,9.164999961853027,0
2025-12-26 12:36:00+05:30,9.177499771118164,9.180000305175781,9.149999618530273,9.180000305175781,0
2025-12-26 12:37:00+05:30,9.177499771118164,9.192500114440918,9.177499771118164,9.177499771118164,0
2025-12-26 12:38:00+05:30,9.175000190734863,9.192500114440918,9.175000190734863,9.177499771118164,0
2025-12-26 12:39:00+05:30,9.177499771118164,9.180000305175781,9.164999961853027,9.175000190734863,0
2025-12-26 12:40:00+05:30,9.180000305175781,9.182499885559082,9.177499771118164,9.177499771118164,0
2025-12-26 12:41:00+05:30,9.175000190734863,9.180000305175781,9.162500381469727,9.180000305175781,0
2025-12-26 12:42:00+05:30,9.162500381469727,9.177499771118164,9.162500381469727,9.175000190734863,0
2025-12-26 12:43:00+05:30,9.164999961853027,9.164999961853027,9.149999618530273,9.162500381469727,0
2025-12-26 12:44:00+05:30,9.149999618530273,9.164999961853027,9.147500038146973,9.164999961853027,0
2025-12-26 12:45:00+05:30,9.149999618530273,9.167499542236328,9.147500038146973,9.149999618530273,0
2025-12-26 12:46:00+05:30,9.135000228881836,9.15250015258789,9.135000228881836,9.149999618530273,0
2025-12-26 12:47:00+05:30,9.135000228881836,9.137499809265137,9.135000228881836,9.135000228881836,0
2025-12-26 12:48:00+05:30,9.15250015258789,9.167499542236328,9.135000228881836,9.135000228881836,0
2025-12-26 12:49:00+05:30,9.15250015258789,9.154999732971191,9.15250015258789,9.15250015258789,0
2025-12-26 12:50:00+05:30,9.15250015258789,9.164999961853027,9.149999618530273,9.15250015258789,0
2025-12-26 12:51:00+05:30,9.15250015258789,9.167499542236328,9.149999618530273,9.15250015258789,0
2025-12-26 12:52:00+05:30,9.140000343322754,9.170000076293945,9.1274995803833,9.15250015258789,0
2025-12-26 12:53:00+05:30,9.137499809265137,9.142499923706055,9.137499809265137,9.140000343322754,0
2025-12-26 12:54:00+05:30,9.137499809265137,9.15250015258789,9.135000228881836,9.15250015258789,0
2025-12-26 12:55:00+05:30,9.137499809265137,9.140000343322754,9.137499809265137,9.137499809265137,0
2025-12-26 12:56:00+05:30,9.119999885559082,9.137499809265137,9.119999885559082,9.137499809265137,0
2025-12-26 12:57:00+05:30,9.140000343322754,9.140000343322754,9.119999885559082,9.119999885559082,0
2025-12-26 12:58:00+05:30,9.137499809265137,9.140000343322754,9.137499809265137,9.140000343322754,0
2025-12-26 12:59:00+05:30,9.135000228881836,9.137499809265137,9.135000228881836,9.137499809265137,0
2025-12-26 13:00:00+05:30,9.137499809265137,9.140000343322754,9.135000228881836,9.135000228881836,0
2025-12-26 13:01:00+05:30,9.135000228881836,9.140000343322754,9.1225004196167,9.125,0
2025-12-26 13:02:00+05:30,9.140000343322754,9.140000343322754,9.1225004196167,9.135000228881836,0
2025-12-26 13:03:00+05:30,9.1274995803833,9.142499923706055,9.125,9.140000343322754,0
2025-12-26 13:04:00+05:30,9.1274995803833,9.145000457763672,9.125,9.142499923706055,0
2025-12-26 13:05:00+05:30,9.1274995803833,9.142499923706055,9.125,9.125,0
2025-12-26 13:06:00+05:30,9.142499923706055,9.142499923706055,9.125,9.142499923706055,0
2025-12-26 13:07:00+05:30,9.145000457763672,9.145000457763672,9.1274995803833,9.142499923706055,0
2025-12-26 13:08:00+05:30,9.125,9.145000457763672,9.125,9.145000457763672,0
2025-12-26 13:09:00+05:30,9.130000114440918,9.142499923706055,9.114999771118164,9.125,0
2025-12-26 13:10:00+05:30,9.114999771118164,9.130000114440918,9.100000381469727,9.130000114440918,0
2025-12-26 13:11:00+05:30,9.100000381469727,9.114999771118164,9.09749984741211,9.114999771118164,0
2025-12-26 13:12:00+05:30,9.082500457763672,9.114999771118164,9.082500457763672,9.100000381469727,0
2025-12-26 13:13:00+05:30,9.082500457763672,9.112500190734863,9.082500457763672,9.082500457763672,0
2025-12-26 13:14:00+05:30,9.100000381469727,9.102499961853027,9.082500457763672,9.082500457763672,0
2025-12-26 13:15:00+05:30,9.114999771118164,9.114999771118164,9.09749984741211,9.100000381469727,0
2025-12-26 13:16:00+05:30,9.09749984741211,9.114999771118164,9.095000267028809,9.114999771118164,0
2025-12-26 13:17:00+05:30,9.102499961853027,9.114999771118164,9.09749984741211,9.09749984741211,0
2025-12-26 13:18:00+05:30,9.100000381469727,9.102499961853027,9.100000381469727,9.102499961853027,0
2025-12-26 13:19:00+05:30,9.100000381469727,9.114999771118164,9.09749984741211,9.100000381469727,0
2025-12-26 13:20:00+05:30,9.100000381469727,9.102499961853027,9.09749984741211,9.100000381469727,0
2025-12-26 13:21:00+05:30,9.1274995803833,9.1274995803833,9.09749984741211,9.100000381469727,0
2025-12-26 13:22:00+05:30,9.125,9.130000114440918,9.1225004196167,9.1274995803833,0
2025-12-26 13:23:00+05:30,9.125,9.1274995803833,9.119999885559082,9.1225004196167,0
2025-12-26 13:24:00+05:30,9.1274995803833,9.130000114440918,9.100000381469727,9.125,0
2025-12-26 13:25:00+05:30,9.142499923706055,9.142499923706055,9.117500305175781,9.1274995803833,0
2025-12-26 13:26:00+05:30,9.1274995803833,9.142499923706055,9.125,9.142499923706055,0
2025-12-26 13:27:00+05:30,9.142499923706055,9.142499923706055,9.114999771118164,9.1274995803833,0
2025-12-26 13:28:00+05:30,9.145000457763672,9.145000457763672,9.112500190734863,9.145000457763672,0
2025-12-26 13:29:00+05:30,9.145000457763672,9.147500038146973,9.112500190734863,9.145000457763672,0
2025-12-26 13:30:00+05:30,9.1274995803833,9.145000457763672,9.112500190734863,9.142499923706055,0
2025-12-26 13:31:00+05:30,9.112500190734863,9.142499923706055,9.112500190734863,9.1274995803833,0
2025-12-26 13:32:00+05:30,9.140000343322754,9.140000343322754,9.09749984741211,9.112500190734863,0
2025-12-26 13:33:00+05:30,9.142499923706055,9.142499923706055,9.1274995803833,9.140000343322754,0
2025-12-26 13:34:00+05:30,9.130000114440918,9.145000457763672,9.1274995803833,9.142499923706055,0
2025-12-26 13:35:00+05:30,9.1274995803833,9.130000114440918,9.109999656677246,9.130000114440918,0
2025-12-26 13:36:00+05:30,9.112500190734863,9.1274995803833,9.112500190734863,9.1274995803833,0
2025-12-26 13:37:00+05:30,9.117500305175781,9.132499694824219,9.112500190734863,9.112500190734863,0
2025-12-26 13:38:00+05:30,9.140000343322754,9.145000457763672,9.112500190734863,9.117500305175781,0
2025-12-26 13:39:00+05:30,9.140000343322754,9.142499923706055,9.137499809265137,9.140000343322754,0
2025-12-26 13:40:00+05:30,9.140000343322754,9.142499923706055,9.125,9.140000343322754,0
2025-12-26 13:41:00+05:30,9.142499923706055,9.142499923706055,9.125,9.140000343322754,0
2025-12-26 13:42:00+05:30,9.125,9.142499923706055,9.1225004196167,9.142499923706055,0
2025-12-26 13:43:00+05:30,9.142499923706055,9.142499923706055,9.125,9.125,0
2025-12-26 13:44:00+05:30,9.142499923706055,9.145000457763672,9.140000343322754,9.142499923706055,0
2025-12-26 13:45:00+05:30,9.140000343322754,9.145000457763672,9.137499809265137,9.142499923706055,0
2025-12-26 13:46:00+05:30,9.140000343322754,9.142499923706055,9.137499809265137,9.140000343322754,0
2025-12-26 13:47:00+05:30,9.142499923706055,9.145000457763672,9.140000343322754,9.140000343322754,0
2025-12-26 13:48:00+05:30,9.142499923706055,9.145000457763672,9.140000343322754,9.142499923706055,0
2025-12-26 13:49:00+05:30,9.137499809265137,9.142499923706055,9.137499809265137,9.142499923706055,0
2025-12-26 13:50:00+05:30,9.137499809265137,9.140000343322754,9.137499809265137,9.137499809265137,0
2025-12-26 13:51:00+05:30,9.130000114440918,9.145000457763672,9.1274995803833,9.137499809265137,0
2025-12-26 13:52:00+05:30,9.132499694824219,9.147500038146973,9.114999771118164,9.130000114440918,0
2025-12-26 13:53:00+05:30,9.1274995803833,9.145000457763672,9.1274995803833,9.130000114440918,0
2025-12-26 13:54:00+05:30,9.132499694824219,9.149999618530273,9.1274995803833,9.1274995803833,0
2025-12-26 13:55:00+05:30,9.119999885559082,9.132499694824219,9.117500305175781,9.132499694824219,0
2025-12-26 13:56:00+05:30,9.117500305175781,9.119999885559082,9.114999771118164,9.119999885559082,0
2025-12-26 13:57:00+05:30,9.114999771118164,9.147500038146973,9.114999771118164,9.117500305175781,0
2025-12-26 13:58:00+05:30,9.130000114440918,9.147500038146973,9.117500305175781,9.130000114440918,0
2025-12-26 13:59:00+05:30,9.145000457763672,9.147500038146973,9.1274995803833,9.130000114440918,0
2025-12-26 14:00:00+05:30,9.147500038146973,9.149999618530273,9.145000457763672,9.145000457763672,0
2025-12-26 14:01:00+05:30,9.147500038146973,9.149999618530273,9.145000457763672,9.147500038146973,0
2025-12-26 14:02:00+05:30,9.147500038146973,9.149999618530273,9.145000457763672,9.149999618530273,0
2025-12-26 14:03:00+05:30,9.145000457763672,9.149999618530273,9.142499923706055,9.147500038146973,0
2025-12-26 14:04:00+05:30,9.145000457763672,9.147500038146973,9.142499923706055,9.142499923706055,0
2025-12-26 14:05:00+05:30,9.147500038146973,9.149999618530273,9.145000457763672,9.145000457763672,0
2025-12-26 14:06:00+05:30,9.132499694824219,9.147500038146973,9.132499694824219,9.147500038146973,0
2025-12-26 14:07:00+05:30,9.132499694824219,9.132499694824219,9.102499961853027,9.132499694824219,0
2025-12-26 14:08:00+05:30,9.104999542236328,9.135000228881836,9.102499961853027,9.132499694824219,0
2025-12-26 14:09:00+05:30,9.107500076293945,9.107500076293945,9.102499961853027,9.104999542236328,0
2025-12-26 14:10:00+05:30,9.104999542236328,9.140000343322754,9.104999542236328,9.104999542236328,0
2025-12-26 14:11:00+05:30,9.104999542236328,9.119999885559082,9.102499961853027,9.107500076293945,0
2025-12-26 14:12:00+05:30,9.104999542236328,9.107500076293945,9.104999542236328,9.104999542236328,0
2025-12-26 14:13:00+05:30,9.102499961853027,9.107500076293945,9.102499961853027,9.104999542236328,0
2025-12-26 14:14:00+05:30,9.135000228881836,9.137499809265137,9.102499961853027,9.102499961853027,0
2025-12-26 14:15:00+05:30,9.107500076293945,9.137499809265137,9.107500076293945,9.135000228881836,0
2025-12-26 14:16:00+05:30,9.107500076293945,9.1225004196167,9.104999542236328,9.107500076293945,0
2025-12-26 14:17:00+05:30,9.107500076293945,9.1225004196167,9.092499732971191,9.107500076293945,0
2025-12-26 14:18:00+05:30,9.125,9.140000343322754,9.107500076293945,9.107500076293945,0
2025-12-26 14:19:00+05:30,9.137499809265137,9.140000343322754,9.125,9.125,0
2025-12-26 14:20:00+05:30,9.125,9.140000343322754,9.112500190734863,9.137499809265137,0
2025-12-26 14:21:00+05:30,9.112500190734863,9.1274995803833,9.112500190734863,9.125,0
2025-12-26 14:22:00+05:30,9.112500190734863,9.130000114440918,9.095000267028809,9.112500190734863,0
2025-12-26 14:23:00+05:30,9.130000114440918,9.132499694824219,9.112500190734863,9.112500190734863,0
2025-12-26 14:24:00+05:30,9.1274995803833,9.130000114440918,9.125,9.130000114440918,0
2025-12-26 14:25:00+05:30,9.109999656677246,9.130000114440918,9.109999656677246,9.125,0
2025-12-26 14:26:00+05:30,9.117500305175781,9.117500305175781,9.109999656677246,9.109999656677246,0
2025-12-26 14:27:00+05:30,9.102499961853027,9.130000114440918,9.09749984741211,9.117500305175781,0
2025-12-26 14:28:00+05:30,9.102499961853027,9.104999542236328,9.085000038146973,9.100000381469727,0
2025-12-26 14:29:00+05:30,9.102499961853027,9.117500305175781,9.087499618530273,9.102499961853027,0
2025-12-26 14:30:00+05:30,9.114999771118164,9.117500305175781,9.087499618530273,9.102499961853027,0
2025-12-26 14:31:00+05:30,9.09749984741211,9.117500305175781,9.09749984741211,9.117500305175781,0
2025-12-26 14:32:00+05:30,9.100000381469727,9.112500190734863,9.09749984741211,9.09749984741211,0
2025-12-26 14:33:00+05:30,9.102499961853027,9.114999771118164,9.09749984741211,9.100000381469727,0
2025-12-26 14:34:00+05:30,9.114999771118164,9.145000457763672,9.100000381469727,9.102499961853027,0
2025-12-26 14:35:00+05:30,9.114999771118164,9.114999771118164,9.100000381469727,9.114999771118164,0
2025-12-26 14:36:00+05:30,9.100000381469727,9.114999771118164,9.09749984741211,9.114999771118164,0
2025-12-26 14:37:00+05:30,9.102499961853027,9.114999771118164,9.09749984741211,9.114999771118164,0
2025-12-26 14:38:00+05:30,9.102499961853027,9.102499961853027,9.100000381469727,9.102499961853027,0
2025-12-26 14:39:00+05:30,9.102499961853027,9.102499961853027,9.100000381469727,9.102499961853027,0
2025-12-26 14:40:00+05:30,9.102499961853027,9.104999542236328,9.102499961853027,9.102499961853027,0
2025-12-26 14:41:00+05:30,9.100000381469727,9.114999771118164,9.100000381469727,9.102499961853027,0
2025-12-26 14:42:00+05:30,9.102499961853027,9.104999542236328,9.100000381469727,9.100000381469727,0
2025-12-26 14:43:00+05:30,9.114999771118164,9.114999771118164,9.100000381469727,9.102499961853027,0
2025-12-26 14:44:00+05:30,9.132499694824219,9.132499694824219,9.102499961853027,9.114999771118164,0
2025-12-26 14:45:00+05:30,9.130000114440918,9.147500038146973,9.102499961853027,9.132499694824219,0
2025-12-26 14:46:00+05:30,9.130000114440918,9.145000457763672,9.114999771118164,9.130000114440918,0
2025-12-26 14:47:00+05:30,9.145000457763672,9.15999984741211,9.114999771118164,9.130000114440918,0
2025-12-26 14:48:00+05:30,9.145000457763672,9.15999984741211,9.130000114440918,9.145000457763672,0
2025-12-26 14:49:00+05:30,9.145000457763672,9.15999984741211,9.132499694824219,9.145000457763672,0
2025-12-26 14:50:00+05:30,9.15999984741211,9.15999984741211,9.145000457763672,9.145000457763672,0
2025-12-26 14:51:00+05:30,9.147500038146973,9.162500381469727,9.145000457763672,9.15999984741211,0
2025-12-26 14:52:00+05:30,9.15999984741211,9.162500381469727,9.145000457763672,9.145000457763672,0
2025-12-26 14:53:00+05:30,9.15999984741211,9.162500381469727,9.132499694824219,9.15999984741211,0
2025-12-26 14:54:00+05:30,9.142499923706055,9.15999984741211,9.142499923706055,9.15999984741211,0
2025-12-26 14:55:00+05:30,9.142499923706055,9.145000457763672,9.1274995803833,9.142499923706055,0
2025-12-26 14:56:00+05:30,9.145000457763672,9.145000457763672,9.142499923706055,9.142499923706055,0
2025-12-26 14:57:00+05:30,9.130000114440918,9.145000457763672,9.125,9.142499923706055,0
2025-12-26 14:58:00+05:30,9.1274995803833,9.145000457763672,9.125,9.1274995803833,0
2025-12-26 14:59:00+05:30,9.112500190734863,9.1274995803833,9.095000267028809,9.1274995803833,0
2025-12-26 15:00:00+05:30,9.112500190734863,9.125,9.095000267028809,9.112500190734863,0
2025-12-26 15:01:00+05:30,9.154999732971191,9.154999732971191,9.09749984741211,9.112500190734863,0
2025-12-26 15:02:00+05:30,9.15250015258789,9.167499542236328,9.140000343322754,9.154999732971191,0
2025-12-26 15:03:00+05:30,9.167499542236328,9.167499542236328,9.149999618530273,9.15250015258789,0
2025-12-26 15:04:00+05:30,9.180000305175781,9.180000305175781,9.164999961853027,9.167499542236328,0
2025-12-26 15:05:00+05:30,9.182499885559082,9.1875,9.180000305175781,9.180000305175781,0
2025-12-26 15:06:00+05:30,9.180000305175781,9.1850004196167,9.180000305175781,9.182499885559082,0
2025-12-26 15:07:00+05:30,9.15250015258789,9.182499885559082,9.15250015258789,9.180000305175781,0
2025-12-26 15:08:00+05:30,9.180000305175781,9.182499885559082,9.137499809265137,9.15250015258789,0
2025-12-26 15:09:00+05:30,9.182499885559082,9.182499885559082,9.164999961853027,9.180000305175781,0
2025-12-26 15:10:00+05:30,9.164999961853027,9.182499885559082,9.149999618530273,9.182499885559082,0
2025-12-26 15:11:00+05:30,9.154999732971191,9.167499542236328,9.137499809265137,9.164999961853027,0
2025-12-26 15:12:00+05:30,9.182499885559082,9.182499885559082,9.15250015258789,9.154999732971191,0
2025-12-26 15:13:00+05:30,9.15250015258789,9.1850004196167,9.15250015258789,9.182499885559082,0
2025-12-26 15:14:00+05:30,9.164999961853027,9.170000076293945,9.149999618530273,9.15250015258789,0
2025-12-26 15:15:00+05:30,9.1225004196167,9.164999961853027,9.1225004196167,9.164999961853027,0
2025-12-26 15:16:00+05:30,9.140000343322754,9.142499923706055,9.1225004196167,9.125,0
2025-12-26 15:17:00+05:30,9.140000343322754,9.142499923706055,9.135000228881836,9.140000343322754,0
2025-12-26 15:18:00+05:30,9.137499809265137,9.142499923706055,9.137499809265137,9.140000343322754,0
2025-12-26 15:19:00+05:30,9.142499923706055,9.142499923706055,9.137499809265137,9.137499809265137,0
2025-12-26 15:20:00+05:30,9.140000343322754,9.145000457763672,9.125,9.142499923706055,0
2025-12-26 15:21:00+05:30,9.1274995803833,9.142499923706055,9.125,9.140000343322754,0
2025-12-26 15:22:00+05:30,9.137499809265137,9.137499809265137,9.1225004196167,9.1274995803833,0
2025-12-26 15:23:00+05:30,9.140000343322754,9.142499923706055,9.125,9.137499809265137,0
2025-12-26 15:24:00+05:30,9.137499809265137,9.140000343322754,9.137499809265137,9.137499809265137,0
2025-12-26 15:25:00+05:30,9.140000343322754,9.142499923706055,9.137499809265137,9.137499809265137,0
2025-12-26 15:26:00+05:30,9.142499923706055,9.157500267028809,9.140000343322754,9.140000343322754,0
2025-12-26 15:27:00+05:30,9.147500038146973,9.147500038146973,9.140000343322754,9.142499923706055,0
2025-12-26 15:28:00+05:30,9.145000457763672,9.15250015258789,9.137499809265137,9.147500038146973,0
2025-12-26 15:29:00+05:30,9.125,9.154999732971191,9.125,9.145000457763672,0
